threads: 4.3881683349609375
processes: 3.215890884399414
